1100100110111101 1011110001110111 1 0000 1001001101111010 0 1
0110010000010010 1010101010011111 0 0000 1100100000100100 0 1
1001110001100010 0111001110000010 1 0000 0011100011000100 1 0
0001100100100010 0100111010000100 1 0000 0011001001000100 0 1
0110010111100101 0110011110011111 0 0001 1100101111001010 1 0
1101010011001111 0100111101001000 1 0001 1010100110011110 0 0
1000110000010010 0010111101110111 1 0001 0001100000100100 0 1
1111111001000001 0001010110111100 0 0001 1111110010000010 1 0
0010100101111110 1111110011111101 0 0010 0001010010111111 0 1
0010100011011000 1101111101110110 1 0010 0001010001101100 1 0
1111000110010011 0100111001100001 1 0010 0111100011001001 0 1
1010000011101101 0100111010100111 1 0010 0101000001110110 0 1
1010010001001111 0001111000001101 1 0011 1101001000100111 1 0
1100001111011110 1011100100111100 0 0011 1110000111101111 0 1
1100001000000011 0110100100011100 1 0011 1110000100000001 0 1
1000100010101011 0011111000111110 0 0011 1100010001010101 1 0
1101011011011011 0010000100010100 0 0100 1111011111101111 0 0
0011000001000110 1011111000010001 1 0100 1110111001011000 0 0
1101000100110011 0000110010111001 0 0100 1101110111101100 0 0
1111000001100001 1111000100011100 0 0100 1110000101111101 1 0
1000111001101110 0000101101111100 1 0101 1000001011110010 1 0
1100011110111100 0100111101011010 1 0101 0111100001100010 1 1
0001111000100011 0111111000010110 0 0101 1010000000001101 0 0
0110000000100110 0110011100110011 0 0101 1111100011110011 0 0
1000000110100000 1111000010010100 1 0110 1000000010000000 1 0
0000100001001110 1110111110110001 1 0110 0000100000000000 0 1
0000000000110000 1110011101110011 0 0110 0000000000110000 1 0
0001001011010111 1100000111000101 1 0110 0000000011000101 1 1
0111000011000101 1011001111110110 0 0111 1111001111110111 1 1
1011011000010011 0011111000110101 1 0111 1011111000110111 1 0
0100001010100001 1001011111011010 1 0111 1101011111111011 0 1
0000111100001011 0100001100010100 0 0111 0100111100011111 1 0
0011111000111011 0101111100100101 0 1000 1100000111000100 1 0
1100100000010110 0101010111001000 1 1000 0011011111101001 1 1
1100001010000001 0001111000100100 1 1000 0011110101111110 1 1
0010101011100110 1001000010000100 1 1000 1101010100011001 0 1
0100000111100001 0100000010101111 1 1001 0000000101001110 0 0
1001011001010000 1110011011101010 0 1001 0111000010111010 0 1
0010101100000001 1001101111110101 0 1001 1011000011110100 1 1
1101010110001100 1100011100000001 1 1001 0001001010001101 0 1
0100111110111111 0000101001011011 1 1010 1011101000011011 0 0
0111000011001001 1100100110101011 0 1010 0100011010011101 0 1
0001110000001101 0100111100100011 0 1010 1010110011010001 1 0
1000001111011110 0111000011110101 0 1010 0000110011010100 1 0
0101001111001011 1110110101101010 1 1011 0000000000010100 1 1
0100100110001100 0100111001011011 0 1011 1011000000100000 0 1
0010011110110111 0100110111111011 0 1011 1001000000000000 1 1
1000010101011100 1010101100000110 0 1011 0101000010100001 0 0
0111111000100011 1001011010111010 1 1100 0000000000001000 0 1
0010111001101101 1000101001101010 0 1100 0010000000000000 1 1
1011000100000100 0001000000100100 1 1100 0000000000010000 0 1
0010011010010010 1110010100110110 1 1100 0000000000000100 1 0
0110110110000100 1000000110100000 1 1101 0000000000000000 1 1
0001111000101101 0001001101110001 1 1101 0000000000000000 1 0
0001111100101011 1101001010111011 0 1101 0000000000000000 1 1
1001011000110111 1101010100000100 1 1101 0000000000000001 1 0
1011000010000101 1010100110010000 0 1110 1010100110010000 0 0
0010101001110110 1001000101010101 0 1110 1001000101010101 1 0
0000110111100011 1110111101001001 0 1110 1110111101001001 0 0
0010100010111100 1101110101111101 0 1110 1101110101111101 1 1
0001111011101110 0010111011001011 0 1111 0000000000001100 0 0
1101111000010111 0101100111111101 0 1111 0000000000001111 0 0
0011101111000100 0111001001001101 0 1111 0000000000001101 1 0
0100000101010010 1000011110111101 1 1111 0000000000001110 1 0